20100726
20100727
20100728
20100729
20100731
20110202
20110203
20110204
20110601
20110602
20110604
20111124
20111125
20111126
20111211
20111224
20111225
20111226
20120109
20120111
20120112
20120113
20120213
20120214
20120215
20120601
20120602
20120603
20120604
20120605
20120606
20120607
20120703
20120704
20120705
20120706
20121025
20121026
20121027
20130120
20130121
20130122
20130123
20130316
20130317
20130318
20130319
20130422
20130423
20130424
20130609
20130610
20130611
20130822
20130823
20130824
20130825
20130910
20130911
20130912
20131122
20131123
20131124
20131217
