2011 11 11	00 00 00	55876.000000	-809.4722	1033.7660	-1013.46	-0.2387	-2.3263

2011 11 11	00 00 01	55876.000012	-811.0372	1033.7710	-1013.42	-1.8418	-3.9130

2011 11 11	00 00 02	55876.000023	-809.3582	1033.7730	-1013.38	-0.2010	-2.2656

2011 11 11	00 00 03	55876.000035	-806.4156	1033.7710	-1013.34	2.7035	0.6323

2011 11 11	00 00 04	55876.000046	-804.9996	1033.7700	-1013.30	4.0814	2.0069

2011 11 11	00 00 05	55876.000058	-806.4430	1033.7690	-1013.26	2.5999	0.5221

2011 11 11	00 00 06	55876.000069	-809.5959	1033.7660	-1013.23	-0.5912	-2.6788