140303
140306
140307
140308
140309
140314
140201
140214
140215
140216
140221
140222
140223
140224
140228
131205
131206
131207
131212
131213
131214
131215
131216
131224
131225
131226
131227
131105
131106
131107
131128
131129
131026
131027
131028
130203
130204
130226
130227
130122
130123
130125
130126
130127
130129
121201
121203
121204
121216
121013
120418
120306
120307
120310
120311
120313
120223
120224
120225
120102
120103
120104
120126
111201
111202
111203
111204
111029
111030
111004
111005
111019
111020
101216
101217
101108
101109
101027
101028
