20140301
20140303
20140306
20140307
20140308
20140309
20140314
20140201
20140214
20140215
20140216
20140221
20140222
20140223
20140224
20140228
20140229
20131205
20131206
20131207
20131212
20131213
20131214
20131215
20131216
20131224
20131225
20131226
20131227
20131101
20131105
20131106
20131107
20131128
20131129
20131026
20131027
20131028
20130203
20130204
20130205
20130226
20130227
20130122
20130123
20130125
20130126
20130127
20130129
20121201
20121202
20121203
20121204
20121216
20121013
20120418
20120306
20120307
20120308
20120310
20120311
20120312
20120313
20120223
20120224
20120225
20120102
20120103
20120104
20120125
20120126
20120127
20111201
20111202
20111203
20111204
20111212
20111125
20111124
20111123
20111029
20111030
20111004
20111005
20111019
20111020
20101216
20101217
20101108
20101109
20101027
20101028
20101029
