121201
131123
111224
111202
120603
130611
130226
101216
121013
120225
130122
130911
120111
111226
131125
110202
130129
131214
101108
120706
111203
120104
111225
120418
110604
131124
110204
120112
111124
131129
140314
130123
120605
120602
130912
130910
100731
140307
130120
130122
111126
100730
140306
130825
101217
131224
120604
130609
121026
131026
130227
131207
130316
130424
131213
100728
120109
120601
140215
120102
120113
120704
120214
120703
110601
131206
130319
120110
140221
131027
111004
120215
121024
140216
130123
101028
131105
130610
121025
120606
131106
140223
121027
111029
121216
111020
131128
120213
130317
110203
120607
131217
101027
111201
111125
100726
111204
140303
131225
130824