120104
130122
110203
130227
130317
111029
111226
140314
131123
111202
120113
120706
120215
130123
120418
120102
131224
130319
100728
130424
121027
120313
120109
111030
120605
111004
101217
100726
120111
130824
121025
130123
140303
140306
130611
120110
101216
121216
100729
131026
120704
121024
101108
111204
120602
140307
130422
120703
131129
131122
120112
110602
130423
111203
140223
130121
111211
140221
130122
140215
130822
120603
111201
130226
131217
101028
110601
131027
130316
110204
101027
111124
130825
131213
140222
100730
130910
131124
120606
131225
100727
130318
111125
111225
131128
140216
120705
100731
120601
101109
131125
130120
130609
131214
130912
130610
131105
130911
111020
140201