0.9078545106711728
0.9078545106711728
0.9078545086355347
0.2561813227612992
0.25462680048694764
0.2413348706834223
0.10139909030269526
0.11355041255835827
0.10139908020440197
0.10073653707267383
0.10160805955650051
0.09831674581334951
0.2019452649873501
0.1703946662086373
0.09687376130054788
0.20124458020739153
0.08170210524128274
0.09791305916760604
0.09359250584864907
0.06410320662556326
0.069628746519438
0.059864168967536165
0.05752365483798357
0.057357135313038515
0.054912910035691334
0.054918861094160915
0.05440715565569845
0.05408439379163828
0.05404062550160471
0.05388773084557846
0.05430366600784657
0.053037238780230936
0.052871044794837556
0.05645568968357475
0.0544121892586112
0.05249954868913613
0.056343464141699516
0.05060748015816077
0.05104875054038882
0.04999145282798795
0.05207733485442688
0.05021257757829638
0.05182567627634223
0.05456874470403121
0.05523245437145788
0.054825665296149594
0.05391347592685476
0.05316443479977501
0.051364304753090215
0.04852486891937001
0.04964325386560261
