0.6820970679032942
0.6820970661824197
0.16203715110480119
0.16062599466036293
0.1527951850468745
0.13915492141741917
0.04988102983749732
0.1391549111085738
0.13908284577543167
0.13914287427149466
0.1303677405876991
0.11465090609314516
0.16769638615323718
0.08759225679094242
0.12822208466122942
0.09127889677254332
0.055220997793880865
0.08008016171591242
0.04961972676081817
0.04599246565810825
0.053146979637720186
0.039813803248869364
0.04489819031507548
0.04204845065197462
0.04042647900404639
0.04228326025917123
0.04020087468041501
0.04098935716910847
0.04069804368624358
0.04058389244635106
0.04084762620525728
0.03487353181423874
0.03187254004241532
0.04229094111384726
0.04058797666224757
0.031547049203431266
0.04598353563836049
0.037290348807221305
0.03705729667484408
0.03806363205281349
0.04352721519062867
0.03669640249722942
0.03629681824871274
0.03824154425613171
0.03851136427118641
0.04032388628988967
0.040075366922417914
0.0403166952346238
0.04118254425951964
0.03314406195091716
0.033452317467610404
