0.16062599466036293
0.16062599466036293
0.16062599466036293
0.16062599466036293
0.16062599466036293
0.16062599466036293
0.16062599466036293
0.16062599466036293
0.16062599466036293
0.16062599466036293
0.16062599466036293
0.16062599466036293
0.16062599466036293
0.16062599466036293
0.16062599466036293
0.16062599466036293
0.16062599466036293
0.16062599466036293
0.16062599466036293
0.16062599466036293
0.16062599466036293
0.028590429905771857
0.028618199396131926
0.030419010708354007
0.02916821822305811
0.028623656089270234
0.032173533270385656
0.03060487511346746
0.03231370379914591
0.03249550465780358
0.02950763103283469
0.030681358119407007
0.031469634904160826
0.03318395575972333
0.030343237804842507
0.030794362605006467
0.033460638909757895
0.029868698126708563
0.03202250002930495
0.02728274439190936
0.029970671009029812
0.0324787024591753
0.02981462247659463
0.029815084883730456
0.030060247396916238
0.03132564758038366
0.03075451806476201
0.03103732438017747
0.030933256767875943
0.03189364937657682
0.028806006630740594
0.02957252891747245
0.03339759379449415
0.03257293650894697
0.03267268666599923
0.027069771460366963
0.02733094794997721
0.03127482815240986
0.027616875905700788
0.027754620999282317
0.030731326756122695
0.028486515412341342
0.030400138242433337
0.026165625590318587
0.02802661983353971
0.03313884474042416
0.029790254850177708
0.02819181419123044
0.027695857974241497
0.027917250303101673
0.03133102942886169
0.03029778642959259
0.03048016890248358
0.030858816810590314
0.02950603679925963
0.030030593635560293
0.030909609064540246
0.03132873247276252
0.03170815821088536
0.030996488229301903
0.03076637868047074
0.030849135280237243
0.026098726195131556
0.02898123506605396
0.027612369986557556
0.033058506220549094
0.02744528323318461
0.028115934462584716
0.030574185545300822
0.029924447356060094
0.0267607235451296
0.0315419986986772
0.031106602057597948
0.03254055795690233
0.0303053219372695
0.029379945727481257
0.03133609543349511
0.029836108396393727
0.029579284683695133
0.028592779960579223
0.0314750616493515
0.031588814255681164
0.0293539997187957
0.02628034909408151
0.0287188593274032
0.026813098723287306
0.030769746654417892
0.030140614350000244
0.027058858849912524
0.030145166989066247
0.03205932704084327
0.025226377415066944
0.02948425955047774
0.03251686302947801
0.029400643456066508
0.02981755845866186
0.028827860368141344
0.029265890564398378
0.032603392531202494
0.031904516941604795
0.027695523243813643
0.03226799772693848
0.025656586637914487
0.03134711952617339
0.032140588203485115
0.03039090797769717
0.026919745263956588
0.02869047640008869
0.02909395076405172
0.034672603141633666
0.028985486145200662
0.03184288694866548
0.027480704781091894
0.02871594442955961
0.03186485666058308
0.03106518303126107
0.03229722462017527
0.030828749368957267
0.028930526375527107
0.027772720434403222
0.02997800344611296
0.03131711090103022
0.02938903513109348
0.028883688054160816
0.028490388689932554
0.026885560657484067
0.02690683642783029
0.033575699398352275
0.02723742555804523
0.033384684096156476
0.031036236142743114
0.02841042748063645
0.027188378560760104
0.03203327608082213
0.03233261614569596
0.032596130813266205
0.030191592230824453
0.02992283254549233
0.031779956791940664
0.031786577352408016
0.029753472299635587
0.025727944603418054
0.03175352455463879
0.029333904449387084
0.026702410498346832
0.03104186553491273
0.030524432039025873
0.026457552387304923
0.030614302590861373
0.0321041733016114
0.03187916742768891
0.031281451214699614
0.0327267945616809
0.028348567040245437
0.03281330724048653
0.03175751313368518
0.029671006723612357
0.03341880429296428
0.02870506258584531
0.02955297670871465
0.03091958639864386
0.03302345060819404
0.030215508215201935
0.033136524828344865
0.03431428259259415
0.029465536621043238
0.03174914872269038
0.029534353008974917
0.032849881730213686
0.027877660179536218
0.033722998530770217
0.0317565349531764
0.030349064011268814
0.03146980248219039
0.0347781880012786
0.03140959668840301
0.03631322173161378
0.0284390926603299
0.02886237074049533
0.030731987599915103
0.040481568724460355
0.028421724546592097
0.031238552567478216
0.040413093821577116
0.04127944119534952
0.04041730086836762
0.032108300547986954
0.030606499970970473
0.030896209290586348
0.040494768581332774
0.038109042711808795
0.040315751736013185
0.033449533719208724
0.029379171617334422
0.0404132959360995
0.038765910325489025
0.03019768521772513
0.03301185399036733
0.029623614176160024
0.03995417785235752
0.03254636504190707
0.04226702914223903
0.040408200057731915
0.04040174216917375
0.041263313524645476
0.03080956409037292
0.04044171721429868
0.040420685050008044
0.040403721800891274
0.03495540015151443
0.04039621005768191
0.03850727659269721
0.046077874167970344
0.043053472450104345
0.04039291794849971
0.027994139698601737
0.03679642879443637
0.029289973018776005
0.02780136483980349
0.039779639473700674
0.04042941385718542
0.04041665176532579
0.031897794792187205
0.04038826917144641
0.030440249494749095
0.02707522587071933
0.029527684460118605
0.040302520586609644
0.031848712271035896
0.04019126324353881
0.0403199030494437
0.04034473211228802
0.029201322680688445
0.030557785735743723
0.040385749616459285
0.040373700981222505
0.02821718457734084
0.039019834122519484
0.04042210738163577
0.035375049386964244
0.03495582057335906
0.028666739603804735
0.040327007550419555
0.0405827603372517
0.039233563008222096
0.029849091546542514
0.03218529782969061
0.045850026737543126
0.04000968751685471
0.04022944765412716
0.031319565225451894
0.03400833246204
0.0345903751930129
0.03582692100280607
0.035240136319891195
0.040339269824419724
0.03022876166275155
0.03950762861003154
0.02881008059689832
0.040391679083929696
0.03556746225895855
0.037840771340324104
0.03569213912790445
0.03773840201977904
0.034256004162855284
0.030996630119395414
0.038946032003505056
0.04039391362923455
0.02851781553048213
0.0356319322557136
0.031761602955802
0.04036488484785646
0.030793906405811877
0.03493713924861271
0.04021792975582253
0.033825918241975395
0.03447758606756421
0.04024987901667948
0.04039259349416892
0.04033352290590885
0.030839615213396745
0.0296001339271626
0.03482605822186401
0.034916639383997576
0.04034707693607563
0.037953964092466715
0.02904759566169953
0.03310546342488533
0.040238294782679436
0.04028453032129575
0.03299102570997889
0.034279881245829154
0.03957017426877641
0.03964747593243491
0.032205216302569215
0.04038580614509209
0.0314011869897797
0.02895618024317036
0.04035219763532443
0.03976145222697381
0.03923384566997962
0.04032611596487572
0.03800946081400673
0.040065750616803696
0.0329842900826678
0.040154527987631784
0.04039082606344908
0.03978016936225294
0.03992185344352391
0.04023875402163617
0.04039251151333587
0.040027070526557414
0.03662441462038858
0.04000838881867589
0.04019467572871924
0.04025070861351831
0.04039234359031252
0.04035280524677284
0.04032294605479847
0.04038519441302985
0.04033681624159379
0.040390109926108954
0.039643813767741246
0.040233248119254036
0.03825484007855166
0.04030262107726582
0.04008138859562938
0.040362958016172325
0.029477119018149964
0.04039049232650215
0.03830966473771048
0.028806675084712498
0.03951575045097008
0.04038504325774841
0.04039161637744388
0.0400706440795393
0.04028367669618089
0.040239003731926425
0.03870518703100816
0.040274118241310226
0.04025362578117223
0.04039264128690159
0.03961132162641523
0.04038762834227495
0.030043548933512368
0.03915075592557781
0.04039271569389071
0.04039064199313037
0.040391064864094585
0.04039044008335582
0.0364868198295285
0.030312738460681672
0.035339201793153516
0.04039219133556234
0.040372006000967235
0.04038955906543406
0.040377998889713815
0.04039045840766128
0.04039264127159014
0.04036353762578554
0.04032987196001175
0.040356984532328506
0.04039268165103179
0.040382734767604116
0.04038219945050635
0.040392498402810395
0.040368562387244185
0.040346810301711174
0.040382534662097014
0.03939363288942405
0.03764095154836503
0.040328142306341734
0.03392294335157361
0.040390491857174304
0.04034752827343796
0.04039257344955672
0.040392160641523685
0.040380842158669945
0.040392380505047405
0.040391192140014034
0.040388197729630135
