2.823964418
2.971451191
3.256928166
3.659343736
4.10594586
4.583369416
5.178510075
5.826773601
6.331125464
6.709867188
7.19557172
7.598675981
8.064422499
8.601326887
9.267808264
10.047997763
10.784374309
11.685551169
12.235699264
13.417758996
14.143918098
15.98613606
17.082830516
17.252633645
18.99937889
21.187571898
20.741101427
20.712796322
22.375539924
22.777187225
24.070173689
27.127823664
25.886254138
32.71477726
27.801034266
27.098962984
29.447660321
29.78608258
31.260071748
29.54772802
33.823658982
33.194966993
36.402076782
34.412907144
38.394720304
38.600767215
39.967129169
36.492762887
41.495601619
39.319102618
43.347384611
39.234912272
43.720142267
41.671235221
46.066439716
39.833126297
47.286337401
46.645152419
49.229001345
43.310469691
50.205616259
47.466854745
51.583054326
81.772909379
54.111395124
52.36475959
54.996964081
47.975754781
56.730999838
57.127997739
58.185748649
50.528487664
60.904963201
60.841918962
61.813060915
55.378380995
63.074260783
61.140592252
67.03614197
56.798881301
67.000186069
65.19804153
70.56255566
61.311638477
70.620710014
72.808248558
71.039808068
61.982163943
74.70650594
75.458246686
75.374747665
69.52377712
77.522764268
77.635310918
78.110807366
103.199301888
81.315639559
81.735761873
82.314874801
71.897185727
86.204307921
86.071391625
84.832907753
73.904865194
87.599903279
82.832209114
91.020969399
79.65922203
93.945219474
95.121324394
94.319311215
83.848142639
98.050941816
93.009496279
97.909159421
90.634057581
100.481357348
94.366847021
101.730609852
88.610140032
104.359316177
101.128662733
104.805462196
94.413475593
109.246416698
110.399283983
109.659407514
197.075099852
106.922492654
102.746266028
109.32186499
102.301728223
115.300969317
109.276616435
117.329280859
103.53762175
119.466759078
118.703975863
122.467287445
111.486298432
122.764945543
121.923741894
126.496094294
112.561635552
127.481522353
129.216901555
129.33921598
121.089954992
131.231257
132.873694148
133.320321725
117.457566186
133.882879433
128.41690647
134.820778122
125.888935471
137.309812011
132.972232625
139.343959291
134.307020968
141.268880212
139.224266225
145.345709692
132.906767725
145.46066998
138.456154574
145.477396348
132.341524588
146.664432271
145.035411149
151.194304633
139.506784519
145.294550502
141.96828947
149.34203628
145.845890495
156.919177338
156.181458224
161.479833099
151.885278443
163.735377739
162.536533126
164.397985007
153.261155691
166.34014428
167.496494519
167.342044179
159.349797664
170.112153738
171.472648355
174.988652096
281.66581141
176.065115872
170.323334531
177.221890619
169.965991394
181.054971276
175.375352976
183.916197592
174.086539913
174.555197134
185.117082827
183.286253729
185.748435085
179.385573053
189.359865902
187.532472069
192.742018902
190.283063922
206.741500189
213.94079096
213.475661454
206.617460232
215.284809057
216.719817523
218.813128789
211.69907486
224.393842325
222.340691078
221.750579566
217.097509827
209.547384259
206.798978138
207.482934844
256.161878788
212.038059715
212.473200421
212.047694083
208.753499045
215.562226235
216.710201294
217.225333492
216.090122045
222.274175004
223.989593269
222.373701462
219.933496212
226.800204559
230.240380554
229.209864263
228.296241219
231.965471803
230.079260964
230.989038863
237.394080179
235.766524501
237.629297886
237.538147484
236.601135259
240.993338065
240.806729868
239.677161362
241.862562739
243.533337469
243.274462007
247.637394254
433.682595121
245.306511616
245.851037543
247.817788136
247.625438405
249.807352733
251.672936178
258.389649909
259.785105129
261.359114016
263.285082309
265.665474086
270.768671615
270.078350804
271.899606679
271.8615534
277.781741834
275.926279872
275.705473489
281.04012579
280.35949698
282.171978622
285.024501796
286.007336584
290.478648515
289.086230383
292.04694015
292.094372097
294.238268254
295.105388235
297.581687183
298.596723127
315.261308116
302.967125951
301.236247819
309.484691973
311.363662482
308.455069753
311.251007292
314.211293722
324.714650873
314.553995288
318.745511217
319.091087793
322.786339742
325.034991323
324.62664932
328.980270772
335.473385028
332.784204037
332.701908618
340.1251593
339.062574384
340.274447087
340.550577576
348.856100917
354.415520603
349.577994755
356.816860713
351.15764863
351.878071757
358.588348533
359.649321138
361.36895581
396.900548729
367.342345518
368.543885508
371.450072789
373.880553855
376.767316467
377.161440529
377.191594043
384.851695515
390.817545309
384.743304713
389.302239623
394.328610891
394.343242807
398.485273002
398.700998456
405.688609615
401.954912354
409.500941758
414.083790998
416.724526898
409.490409517
414.783976424
414.179240602
415.693835363
420.272453275
424.255941354
427.260737912
425.028703867
432.011242582
434.45964923
436.099387784
451.919194892
441.027950812
441.70195689
445.456153403
440.55443852
450.540887622
444.650462131
448.353527247
469.833591178
456.944838851
457.026040966
463.792808294
461.501820615
466.96115768
466.842468687
472.435317998
476.743337187
474.966925838
473.500110589
482.03239337
483.946285571
482.477589732
479.643203662
489.027531571
492.549418152
491.868150971
489.027657958
496.529699749
494.109654379
500.627417003
499.05678721
511.931870737
722.472859585
528.329041835
523.435298981
519.201760288
514.519480257
521.715234243
521.740898096
529.643232625
528.128939497
530.326509708
531.224243113
536.789544469
536.097463602
537.721853171
539.628181468
547.903447144
550.123348632
